# 띤쭈薑렘욥踏狗션쩌
# 목駕: current_shape next_shape rotation position height_level holes_level bumpiness_level lines_cleared score_before score_after height_after holes_after bumpiness_after
# 션쩌鑒: 94

0 6 0 5 2 3 0 0 0 0 2 188 3
2 2 0 1 4 3 1 0 0 0 3 180 5
2 2 1 6 4 3 1 1 0 100 2 185 6
2 6 0 0 3 3 1 0 100 100 3 180 5
6 2 0 5 4 3 1 1 100 200 2 187 5
2 6 3 3 3 3 1 0 200 200 4 183 7
6 0 1 6 4 3 1 0 200 200 4 179 9
0 4 1 5 4 3 2 1 200 300 3 186 10
3 3 0 2 4 3 1 0 900 900 5 169 8
5 0 0 3 4 3 1 0 1200 1200 8 139 11
0 1 0 0 4 3 1 0 3200 3200 7 142 5
1 4 2 0 4 3 1 0 3200 3200 8 134 11
4 6 1 1 4 3 2 0 3400 3400 8 137 12
6 2 3 0 4 3 3 0 3400 3400 9 131 12
2 0 1 3 4 3 3 0 3400 3400 9 126 10
6 1 3 4 4 3 2 0 3400 3400 10 118 10
5 1 1 1 4 3 2 0 3600 3600 10 120 6
1 1 2 5 4 3 1 0 3600 3600 10 116 6
1 2 0 7 4 3 1 0 3600 3600 10 112 4
2 0 3 4 4 3 1 0 3600 3600 12 108 8
2 2 2 6 4 3 2 0 3800 3800 11 110 12
2 0 0 6 4 3 3 0 3800 3800 11 106 10
0 2 1 -1 4 3 2 1 3800 4000 10 112 10
1 1 0 1 4 3 1 0 4800 4800 9 116 5
1 5 0 7 4 3 2 0 5100 5100 10 115 9
5 5 1 3 4 3 2 2 5100 6300 8 131 5
5 6 2 4 4 3 1 0 6300 6300 8 127 5
6 4 0 7 4 3 1 0 6300 6300 9 123 6
3 6 0 4 4 3 2 0 6300 6300 11 115 12
6 3 1 -1 4 3 3 2 6300 7500 9 133 12
3 2 0 4 4 3 3 0 7500 7500 11 129 16
2 4 0 6 4 3 4 0 7500 7500 11 125 14
4 5 0 0 4 3 3 0 7500 7500 11 119 13
5 2 1 -2 4 3 3 0 7500 7500 11 115 14
4 0 1 6 4 3 2 1 7500 7800 10 116 9
0 2 1 5 4 3 2 1 7800 8100 10 119 8
2 1 1 6 4 3 2 1 8100 8400 9 125 5
1 0 2 0 4 3 1 1 8400 8700 8 133 7
4 0 0 2 4 3 1 1 9100 9500 6 147 7
0 0 1 -1 4 3 1 0 9500 9500 8 143 11
0 5 1 0 4 3 2 1 9500 9900 7 151 9
5 4 3 8 4 3 2 1 9900 10300 6 156 7
4 3 1 2 4 3 1 1 10300 10700 5 162 9
0 0 1 -2 4 3 2 0 10700 10700 7 154 11
6 0 2 5 4 3 3 0 11100 11100 7 151 16
0 2 1 7 4 3 4 1 11100 11500 6 158 14
2 4 1 2 4 3 3 1 11500 11900 5 164 8
4 1 2 3 4 3 2 0 11900 11900 6 158 8
1 0 0 7 4 3 2 0 11900 11900 6 149 6
0 3 0 1 4 3 1 0 11900 11900 6 142 2
3 0 0 8 4 3 0 0 11900 11900 8 138 4
0 4 1 -2 4 3 1 1 11900 12300 7 147 10
4 4 1 0 4 3 2 0 12300 12300 7 143 12
4 4 1 1 4 3 3 0 12300 12300 8 139 14
4 2 1 -2 4 3 3 0 12300 12300 9 132 8
1 6 1 3 4 3 1 1 12300 12700 8 134 8
2 5 2 6 4 3 2 0 12700 12700 8 126 8
5 2 2 3 4 3 1 0 13200 13200 8 128 6
2 0 3 7 4 3 1 1 13200 13700 8 137 12
5 5 1 6 4 3 2 1 14200 14700 6 150 5
5 0 2 1 4 3 1 0 14700 14700 6 146 5
0 3 3 -1 4 3 1 1 14700 15200 7 153 9
5 0 2 2 4 3 1 1 15700 16200 5 156 3
3 1 0 5 4 3 2 0 24900 24900 5 162 10
0 2 1 1 4 3 1 0 25500 25500 7 155 11
6 3 2 6 4 3 3 0 26100 26100 7 147 12
6 5 2 0 4 3 3 0 26100 26100 9 130 10
5 5 2 4 4 3 1 0 26100 26100 9 116 6
0 6 1 -2 4 3 1 0 26800 26800 11 109 7
2 6 3 3 4 3 1 0 27500 27500 11 107 9
0 1 1 2 4 3 1 0 28900 28900 11 112 9
0 3 1 -2 4 3 1 0 29600 29600 11 114 9
4 3 1 0 4 3 2 0 33100 33100 9 121 6
3 1 0 0 4 3 1 0 33100 33100 12 113 8
6 3 1 0 4 3 2 0 33100 33100 12 100 8
3 4 0 4 4 3 2 0 33100 33100 12 96 8
6 0 0 7 4 3 2 0 33100 33100 13 82 10
0 0 0 3 4 3 2 0 33100 33100 13 75 4
0 2 1 7 4 3 1 0 33100 33100 16 71 6
2 3 1 -1 4 3 1 0 33100 33100 16 66 6
3 2 0 3 4 3 1 0 33100 33100 16 62 8
2 2 2 5 4 3 0 0 33900 33900 15 59 3
4 2 0 0 4 3 0 1 34700 35500 13 73 3
2 5 0 4 4 3 0 0 35500 35500 14 69 5
5 1 3 2 4 3 1 0 35500 35500 15 65 5
1 5 0 5 4 3 1 0 35500 35500 15 61 7
5 4 1 4 4 3 1 0 36300 36300 17 62 12
4 2 0 7 4 3 3 0 36300 36300 18 49 8
2 3 2 0 4 3 2 0 36300 36300 18 43 10
3 5 0 1 4 3 1 0 36300 36300 18 34 6
5 0 2 3 4 3 1 0 36300 36300 18 29 8
0 3 0 0 4 3 2 0 36300 36300 18 21 2
3 0 0 7 4 3 0 0 36300 36300 20 16 4
0 4 0 3 4 3 1 0 36300 36300 20 12 4
