E001 7 55 30
E002 8 5 45
E003 9 10 30
E001 8 0 15
E006 8 30 15
E008 7 45 20
E010 8 12 0
E001 7 58 40
E002 8 2 30
E008 7 50 10
E001 7 55 30
E002 8 5 45
E003 9 10 30
E006 8 30 15
E008 7 45 20
E010 8 12 0
E001 7 55 30
E002 8 5 45
E003 9 10 30
E006 8 30 15
E008 7 45 20
E010 8 12 0
E001 7 55 30
E002 8 5 45
E003 9 10 30
E006 8 30 15
E008 7 45 20
E010 8 12 0
E001 7 55 30
E002 8 5 45
E003 9 10 30
E006 8 30 15
E008 7 45 20
E010 8 12 0
E001 7 55 30
E002 8 5 45
E003 9 10 30
E006 8 30 15
E008 7 45 20
E010 8 12 0
E001 7 55 30
E002 8 5 45
E003 9 10 30
E006 8 30 15
E008 7 45 20
E010 8 12 0
E001 7 55 30
E002 8 5 45
E003 9 10 30
E006 8 30 15
E008 7 45 20
E010 8 12 0
